The adjacency matrix represented by kshv virus.sif:
	ORFK9	ORFK7	ORFK8	ORFK5	ORFK3	ORFK1	ORF53	ORF54	ORFK8.1	ORF56	ORF57	ORF58	ORF59	ORF8	ORF50	ORF9	ORF6	ORF52	ORFK10.5	ORF64	ORF65	ORF29b	ORF68	ORF69	ORF21	ORF62	ORF63	ORF25	ORF60	ORF61	ORF28	ORF30	ORF75	ORF72	ORF74	ORF31	ORF67.5	ORF41	ORFK10	ORFK11	ORF48	ORFK12	ORF47	ORF45	ORFK15	ORF23	ORF37	ORF34	ORF11	ORF33	ORF36	ORF27	ORF39	ORF26	ORF49	ORF17	ORF19	ORF22	ORF2	
ORFK9	■	0	0	0	0	0	0	0	0	0	0	0	0	0	0	0	0	0	0	0	0	0	0	1	0	0	1	0	0	0	0	0	0	0	0	0	0	0	0	0	0	0	0	0	0	1	0	0	0	0	0	0	0	0	0	0	0	0	0	
ORFK7	0	■	0	1	1	0	0	0	0	0	0	0	0	0	0	0	0	0	0	0	0	0	0	0	0	0	0	0	0	0	0	0	0	0	1	0	0	0	0	0	0	0	0	0	0	0	0	0	0	0	0	0	0	0	0	0	0	0	0	
ORFK8	0	0	■	0	0	0	0	0	0	0	1	0	0	0	0	0	0	0	0	0	0	0	0	0	0	0	0	0	1	0	0	0	0	0	0	0	0	0	0	0	0	0	0	0	0	0	1	0	0	0	0	0	0	0	0	0	0	0	0	
ORFK5	0	1	0	■	0	0	1	0	0	0	0	0	1	0	0	0	1	0	0	0	0	0	0	0	0	0	0	0	1	0	1	0	0	0	0	0	0	0	0	0	0	0	0	0	0	0	0	1	0	0	0	0	0	0	0	0	0	0	0	
ORFK3	0	1	0	0	■	0	1	0	0	0	0	0	0	0	0	0	0	0	0	0	0	0	0	0	0	0	0	0	1	0	0	0	0	0	0	0	0	0	0	0	0	0	0	0	0	0	0	0	0	0	0	0	0	0	0	0	0	0	0	
ORFK1	0	0	0	0	0	■	0	0	0	0	0	0	0	0	0	0	0	0	0	0	0	0	0	0	0	0	0	0	1	0	0	0	0	0	0	0	0	0	0	0	0	0	0	0	0	0	0	0	0	0	0	0	0	0	0	0	0	0	0	
ORF53	0	0	0	1	1	0	■	0	0	0	0	0	0	0	0	0	0	1	0	0	0	0	0	0	1	0	1	0	0	0	0	0	1	0	0	0	0	0	0	0	0	0	0	1	0	0	0	0	1	1	0	0	0	0	0	0	0	0	0	
ORF54	0	0	0	0	0	0	0	■	0	0	0	0	0	0	0	0	0	0	0	0	0	1	0	0	0	1	0	0	0	0	0	0	0	0	0	0	0	0	0	0	0	0	0	0	0	0	0	0	0	0	1	0	0	0	0	0	0	0	0	
ORFK8.1	0	0	0	0	0	0	0	0	■	0	0	0	0	0	0	0	0	0	0	0	0	1	0	0	0	0	0	0	0	0	0	0	1	0	0	0	0	0	0	0	0	0	0	0	0	0	0	0	0	0	0	0	0	0	0	0	0	0	0	
ORF56	0	0	0	0	0	0	0	0	0	■	0	0	0	0	0	0	0	0	1	0	0	0	0	0	0	0	0	0	1	0	0	0	0	0	0	0	0	0	0	0	0	0	0	0	0	0	0	0	0	0	1	0	0	0	0	0	0	0	0	
ORF57	0	0	1	0	0	0	0	0	0	0	■	0	0	0	1	0	0	1	0	0	0	0	1	0	0	0	0	0	0	1	0	0	0	0	0	0	0	0	0	0	0	0	0	0	0	1	0	0	0	0	0	0	0	0	0	0	0	0	0	
ORF58	0	0	0	0	0	0	0	0	0	0	0	■	0	0	0	0	0	0	0	0	0	0	0	0	0	0	0	0	0	0	0	0	0	0	0	0	0	0	0	0	0	0	0	0	0	0	0	0	0	0	0	1	0	0	0	0	0	0	0	
ORF59	0	0	0	1	0	0	0	0	0	0	0	0	■	0	0	0	0	1	0	0	0	0	1	0	0	0	0	0	0	0	0	0	0	0	0	0	1	0	1	1	0	0	0	0	0	0	0	0	0	0	0	0	0	0	0	0	0	0	0	
ORF8	0	0	0	0	0	0	0	0	0	0	0	0	0	■	0	0	0	0	0	1	0	0	0	0	0	0	0	0	0	0	0	0	0	0	0	0	0	0	0	0	0	0	0	0	0	0	0	0	0	1	0	0	0	0	0	0	0	0	0	
ORF50	0	0	0	0	0	0	0	0	0	0	1	0	0	0	■	0	0	0	0	0	0	1	0	0	0	0	0	0	0	0	0	0	1	0	0	0	0	0	0	0	0	0	0	1	0	0	0	0	0	0	0	0	0	0	0	0	0	0	0	
ORF9	0	0	0	0	0	0	0	0	0	0	0	0	0	0	0	■	0	0	0	0	0	0	1	0	0	0	0	0	0	0	0	0	0	0	0	0	1	1	1	0	0	0	1	0	0	0	0	0	0	0	0	0	1	0	0	0	0	0	0	
ORF6	0	0	0	1	0	0	0	0	0	0	0	0	0	0	0	0	■	1	0	0	0	0	0	0	0	0	0	0	0	0	0	0	0	0	0	0	0	0	0	0	0	0	0	0	1	0	0	0	0	0	0	0	0	0	0	0	0	0	0	
ORF52	0	0	0	0	0	0	1	0	0	0	1	0	1	0	0	0	1	■	0	0	0	0	0	1	0	0	0	0	1	0	0	0	1	0	0	0	0	0	0	0	0	0	0	1	0	0	0	1	0	1	0	0	1	1	1	0	0	0	0	
ORFK10.5	0	0	0	0	0	0	0	0	0	1	0	0	0	0	0	0	0	0	■	0	0	1	0	0	0	0	0	0	0	0	0	0	1	0	0	0	0	0	0	0	0	0	0	0	0	0	0	0	0	0	0	0	0	0	0	0	0	0	0	
ORF64	0	0	0	0	0	0	0	0	0	0	0	0	0	1	0	0	0	0	0	■	0	0	0	1	1	0	1	1	0	0	0	0	1	0	0	0	0	0	0	0	0	0	0	0	0	0	0	0	1	1	0	0	1	1	0	1	1	1	0	
ORF65	0	0	0	0	0	0	0	0	0	0	0	0	0	0	0	0	0	0	0	0	■	0	0	0	0	0	1	1	0	0	0	0	0	0	0	0	0	0	0	0	0	0	0	0	0	0	0	0	0	0	0	0	0	0	0	0	0	0	0	
ORF29b	0	0	0	0	0	0	0	1	1	0	0	0	0	0	1	0	0	0	1	0	0	■	1	0	0	0	0	0	0	0	1	1	0	1	1	0	1	1	1	1	0	1	0	0	0	1	0	0	0	0	0	0	0	0	0	0	1	0	0	
ORF68	0	0	0	0	0	0	0	0	0	0	1	0	1	0	0	1	0	0	0	0	0	1	■	0	0	0	0	0	1	0	0	0	0	0	0	1	0	0	1	0	0	0	0	0	0	0	0	0	0	0	0	0	0	0	0	0	0	0	0	
ORF69	1	0	0	0	0	0	0	0	0	0	0	0	0	0	0	0	0	1	0	1	0	0	0	■	0	0	0	0	0	0	0	0	0	0	0	0	1	0	0	1	0	0	0	0	0	0	0	0	0	0	0	0	0	0	0	0	1	0	0	
ORF21	0	0	0	0	0	0	1	0	0	0	0	0	0	0	0	0	0	0	0	1	0	0	0	0	■	1	1	1	0	0	0	0	1	0	0	0	0	0	0	0	0	0	0	1	0	0	0	0	0	0	0	0	0	0	0	0	0	0	0	
ORF62	0	0	0	0	0	0	0	1	0	0	0	0	0	0	0	0	0	0	0	0	0	0	0	0	1	■	0	0	0	0	0	0	0	0	0	0	0	0	0	0	0	0	0	1	0	0	0	0	0	0	0	0	0	0	0	0	0	0	0	
ORF63	1	0	0	0	0	0	1	0	0	0	0	0	0	0	0	0	0	0	0	1	1	0	0	0	1	0	■	0	0	0	0	0	0	0	0	0	1	1	0	0	0	0	1	1	0	1	0	0	0	0	0	0	0	0	0	0	0	0	0	
ORF25	0	0	0	0	0	0	0	0	0	0	0	0	0	0	0	0	0	0	0	1	1	0	0	0	1	0	0	■	0	0	0	0	0	0	0	0	0	0	0	0	0	0	0	0	0	0	0	0	0	0	0	0	0	0	0	0	0	0	0	
ORF60	0	0	1	1	1	1	0	0	0	1	0	0	0	0	0	0	0	1	0	0	0	0	1	0	0	0	0	0	■	1	0	0	0	0	0	0	1	0	1	1	0	1	0	0	0	1	0	0	0	0	0	0	0	0	0	0	0	0	0	
ORF61	0	0	0	0	0	0	0	0	0	0	1	0	0	0	0	0	0	0	0	0	0	0	0	0	0	0	0	0	1	■	0	0	0	0	0	0	0	0	1	1	0	0	0	0	0	0	0	0	0	0	1	0	0	0	0	0	0	0	0	
ORF28	0	0	0	1	0	0	0	0	0	0	0	0	0	0	0	0	0	0	0	0	0	1	0	0	0	0	0	0	0	0	■	1	0	0	0	0	1	1	1	1	0	0	0	0	0	1	0	0	0	0	0	0	0	0	0	0	0	0	0	
ORF30	0	0	0	0	0	0	0	0	0	0	0	0	0	0	0	0	0	0	0	0	0	1	0	0	0	0	0	0	0	0	1	■	0	0	0	1	0	0	0	0	0	0	0	0	0	1	0	0	0	0	0	0	0	0	0	0	0	0	0	
ORF75	0	0	0	0	0	0	1	0	1	0	0	0	0	0	1	0	0	1	1	1	0	0	0	0	1	0	0	0	0	0	0	0	■	0	0	0	1	0	0	0	0	0	0	1	0	0	0	0	0	0	0	0	1	0	0	0	0	0	0	
ORF72	0	0	0	0	0	0	0	0	0	0	0	0	0	0	0	0	0	0	0	0	0	1	0	0	0	0	0	0	0	0	0	0	0	■	0	0	0	0	0	0	0	0	0	1	0	0	1	0	0	0	0	0	0	0	0	0	0	0	0	
ORF74	0	1	0	0	0	0	0	0	0	0	0	0	0	0	0	0	0	0	0	0	0	1	0	0	0	0	0	0	0	0	0	0	0	0	■	0	0	0	0	0	0	0	0	0	0	0	0	0	0	0	0	1	0	0	0	0	0	0	0	
ORF31	0	0	0	0	0	0	0	0	0	0	0	0	0	0	0	0	0	0	0	0	0	0	1	0	0	0	0	0	0	0	0	1	0	0	0	■	1	1	1	1	0	0	0	0	0	0	0	0	0	0	0	0	0	0	0	0	0	0	0	
ORF67.5	0	0	0	0	0	0	0	0	0	0	0	0	1	0	0	1	0	0	0	0	0	1	0	1	0	0	1	0	1	0	1	0	1	0	0	1	■	0	1	0	0	0	0	0	0	1	0	1	0	0	0	0	0	1	0	0	0	0	0	
ORF41	0	0	0	0	0	0	0	0	0	0	0	0	0	0	0	1	0	0	0	0	0	1	0	0	0	0	1	0	0	0	1	0	0	0	0	1	0	■	1	0	0	0	0	0	0	0	0	0	0	0	0	0	0	0	0	0	0	0	0	
ORFK10	0	0	0	0	0	0	0	0	0	0	0	0	1	0	0	1	0	0	0	0	0	1	1	0	0	0	0	0	1	1	1	0	0	0	0	1	1	1	■	0	0	1	1	0	0	0	1	0	0	0	0	0	1	0	1	0	0	0	1	
ORFK11	0	0	0	0	0	0	0	0	0	0	0	0	1	0	0	0	0	0	0	0	0	1	0	1	0	0	0	0	1	1	1	0	0	0	0	1	0	0	0	■	0	0	0	0	0	0	0	1	0	0	0	0	0	0	0	0	0	0	0	
ORF48	0	0	0	0	0	0	0	0	0	0	0	0	0	0	0	0	0	0	0	0	0	0	0	0	0	0	0	0	0	0	0	0	0	0	0	0	0	0	0	0	■	0	0	0	0	0	0	0	0	0	1	0	0	0	0	0	0	0	0	
ORFK12	0	0	0	0	0	0	0	0	0	0	0	0	0	0	0	0	0	0	0	0	0	1	0	0	0	0	0	0	1	0	0	0	0	0	0	0	0	0	1	0	0	■	0	0	0	0	0	0	0	0	0	0	0	0	0	0	0	0	0	
ORF47	0	0	0	0	0	0	0	0	0	0	0	0	0	0	0	1	0	0	0	0	0	0	0	0	0	0	1	0	0	0	0	0	0	0	0	0	0	0	1	0	0	0	■	1	0	0	0	0	0	0	0	0	0	0	0	0	0	0	0	
ORF45	0	0	0	0	0	0	1	0	0	0	0	0	0	0	1	0	0	1	0	0	0	0	0	0	1	1	1	0	0	0	0	0	1	1	0	0	0	0	0	0	0	0	1	■	0	1	0	0	1	1	1	1	0	0	0	0	0	0	0	
ORFK15	0	0	0	0	0	0	0	0	0	0	0	0	0	0	0	0	1	0	0	0	0	0	0	0	0	0	0	0	0	0	0	0	0	0	0	0	0	0	0	0	0	0	0	0	■	0	0	0	0	0	0	0	0	0	0	0	0	0	0	
ORF23	1	0	0	0	0	0	0	0	0	0	1	0	0	0	0	0	0	0	0	0	0	1	0	0	0	0	1	0	1	0	1	1	0	0	0	0	1	0	0	0	0	0	0	1	0	■	0	0	0	0	0	0	0	0	0	0	0	0	0	
ORF37	0	0	1	0	0	0	0	0	0	0	0	0	0	0	0	0	0	0	0	0	0	0	0	0	0	0	0	0	0	0	0	0	0	1	0	0	0	0	1	0	0	0	0	0	0	0	■	0	0	0	0	0	0	0	0	0	0	0	0	
ORF34	0	0	0	1	0	0	0	0	0	0	0	0	0	0	0	0	0	1	0	0	0	0	0	0	0	0	0	0	0	0	0	0	0	0	0	0	1	0	0	1	0	0	0	0	0	0	0	■	0	0	0	0	0	0	0	0	0	0	0	
ORF11	0	0	0	0	0	0	1	0	0	0	0	0	0	0	0	0	0	0	0	1	0	0	0	0	0	0	0	0	0	0	0	0	0	0	0	0	0	0	0	0	0	0	0	1	0	0	0	0	■	0	0	0	0	0	0	0	0	0	0	
ORF33	0	0	0	0	0	0	1	0	0	0	0	0	0	1	0	0	0	1	0	1	0	0	0	0	0	0	0	0	0	0	0	0	0	0	0	0	0	0	0	0	0	0	0	1	0	0	0	0	0	■	0	0	0	0	0	0	0	0	0	
ORF36	0	0	0	0	0	0	0	1	0	1	0	0	0	0	0	0	0	0	0	0	0	0	0	0	0	0	0	0	0	1	0	0	0	0	0	0	0	0	0	0	1	0	0	1	0	0	0	0	0	0	■	0	0	0	0	0	0	0	0	
ORF27	0	0	0	0	0	0	0	0	0	0	0	1	0	0	0	0	0	0	0	0	0	0	0	0	0	0	0	0	0	0	0	0	0	0	1	0	0	0	0	0	0	0	0	1	0	0	0	0	0	0	0	■	0	0	0	0	0	0	0	
ORF39	0	0	0	0	0	0	0	0	0	0	0	0	0	0	0	1	0	1	0	1	0	0	0	0	0	0	0	0	0	0	0	0	1	0	0	0	0	0	1	0	0	0	0	0	0	0	0	0	0	0	0	0	■	0	0	0	0	0	0	
ORF26	0	0	0	0	0	0	0	0	0	0	0	0	0	0	0	0	0	1	0	1	0	0	0	0	0	0	0	0	0	0	0	0	0	0	0	0	1	0	0	0	0	0	0	0	0	0	0	0	0	0	0	0	0	■	0	0	0	0	0	
ORF49	0	0	0	0	0	0	0	0	0	0	0	0	0	0	0	0	0	1	0	0	0	0	0	0	0	0	0	0	0	0	0	0	0	0	0	0	0	0	1	0	0	0	0	0	0	0	0	0	0	0	0	0	0	0	■	0	0	0	0	
ORF17	0	0	0	0	0	0	0	0	0	0	0	0	0	0	0	0	0	0	0	1	0	0	0	0	0	0	0	0	0	0	0	0	0	0	0	0	0	0	0	0	0	0	0	0	0	0	0	0	0	0	0	0	0	0	0	■	0	0	0	
ORF19	0	0	0	0	0	0	0	0	0	0	0	0	0	0	0	0	0	0	0	1	0	1	0	1	0	0	0	0	0	0	0	0	0	0	0	0	0	0	0	0	0	0	0	0	0	0	0	0	0	0	0	0	0	0	0	0	■	0	0	
ORF22	0	0	0	0	0	0	0	0	0	0	0	0	0	0	0	0	0	0	0	1	0	0	0	0	0	0	0	0	0	0	0	0	0	0	0	0	0	0	0	0	0	0	0	0	0	0	0	0	0	0	0	0	0	0	0	0	0	■	0	
ORF2	0	0	0	0	0	0	0	0	0	0	0	0	0	0	0	0	0	0	0	0	0	0	0	0	0	0	0	0	0	0	0	0	0	0	0	0	0	0	1	0	0	0	0	0	0	0	0	0	0	0	0	0	0	0	0	0	0	0	■	
The distance matrix represented by kshv virus.sif:
	ORFK9	ORFK7	ORFK8	ORFK5	ORFK3	ORFK1	ORF53	ORF54	ORFK8.1	ORF56	ORF57	ORF58	ORF59	ORF8	ORF50	ORF9	ORF6	ORF52	ORFK10.5	ORF64	ORF65	ORF29b	ORF68	ORF69	ORF21	ORF62	ORF63	ORF25	ORF60	ORF61	ORF28	ORF30	ORF75	ORF72	ORF74	ORF31	ORF67.5	ORF41	ORFK10	ORFK11	ORF48	ORFK12	ORF47	ORF45	ORFK15	ORF23	ORF37	ORF34	ORF11	ORF33	ORF36	ORF27	ORF39	ORF26	ORF49	ORF17	ORF19	ORF22	ORF2	
ORFK9	■	∞	∞	∞	∞	∞	2	∞	∞	∞	2	∞	∞	∞	3	∞	∞	2	∞	2	2	2	3	1	2	3	1	3	2	3	2	2	3	3	3	3	2	2	3	2	∞	3	2	2	∞	1	4	3	3	3	3	3	3	3	3	3	2	3	4	
ORFK7	∞	■	∞	1	1	∞	2	∞	∞	∞	∞	∞	2	∞	∞	∞	2	3	∞	∞	∞	2	3	4	3	4	3	4	2	3	2	3	3	3	1	4	3	3	3	3	∞	3	4	3	3	3	4	2	3	3	4	2	4	4	4	∞	3	∞	4	
ORFK8	∞	∞	■	2	2	2	3	∞	∞	2	1	∞	3	∞	2	∞	3	2	3	∞	∞	3	2	3	4	5	4	5	1	2	3	4	3	2	4	3	2	4	2	2	∞	2	3	3	4	2	1	3	4	3	3	4	3	3	3	∞	4	∞	3	
ORFK5	∞	1	2	■	2	2	1	∞	∞	2	3	∞	1	∞	4	∞	1	2	3	∞	∞	2	2	3	2	3	2	3	1	2	1	2	2	3	2	3	2	2	2	2	∞	2	3	2	2	2	3	1	2	2	3	3	3	3	3	∞	3	∞	3	
ORFK3	∞	1	2	2	■	2	1	∞	∞	2	3	∞	3	∞	4	∞	3	2	3	∞	∞	3	2	3	2	3	2	3	1	2	3	4	2	4	2	3	2	3	2	2	∞	2	3	2	4	2	3	3	2	2	3	3	3	3	3	∞	4	∞	3	
ORFK1	∞	∞	2	2	2	■	3	∞	∞	2	3	∞	3	∞	4	∞	3	2	3	∞	∞	4	2	3	4	5	4	5	1	2	3	4	3	4	4	3	2	4	2	2	∞	2	3	3	4	2	3	3	4	3	3	4	3	3	3	∞	4	∞	3	
ORF53	2	2	3	1	1	3	■	∞	2	3	2	∞	2	2	2	∞	2	1	2	2	2	3	3	2	1	2	1	2	2	3	2	3	1	2	3	4	2	2	3	3	∞	3	2	1	3	2	3	2	1	1	2	2	2	2	2	3	3	3	4	
ORF54	∞	∞	∞	∞	∞	∞	∞	■	2	2	∞	∞	∞	∞	2	∞	∞	∞	2	∞	∞	1	2	∞	2	1	3	3	3	2	2	2	3	2	2	3	2	2	2	2	2	2	3	2	∞	2	3	3	3	3	1	3	3	3	3	∞	2	∞	3	
ORFK8.1	∞	∞	∞	∞	∞	∞	2	2	■	4	4	∞	4	4	2	∞	4	2	2	2	4	1	2	3	2	3	3	3	3	4	2	2	1	2	2	3	2	2	2	2	4	2	3	2	5	2	3	3	3	3	3	3	2	3	3	3	2	3	3	
ORF56	∞	∞	2	2	2	2	3	2	4	■	3	∞	3	5	4	∞	3	2	1	5	5	2	2	3	4	3	4	5	1	2	3	3	2	3	3	3	2	3	2	2	2	2	3	2	4	2	3	3	3	3	1	3	3	3	3	6	3	6	3	
ORF57	2	∞	1	3	3	3	2	∞	4	3	■	∞	2	4	1	2	2	1	4	4	4	2	1	2	3	4	2	4	2	1	2	2	2	3	3	2	2	3	2	2	5	3	3	2	3	1	2	2	3	2	2	3	2	2	2	5	3	5	3	
ORF58	∞	∞	∞	∞	∞	∞	∞	∞	∞	∞	∞	■	∞	∞	∞	∞	∞	∞	∞	∞	∞	∞	∞	∞	∞	∞	∞	∞	∞	∞	∞	∞	∞	∞	2	∞	∞	∞	∞	∞	∞	∞	∞	2	∞	3	∞	∞	3	3	3	1	∞	∞	∞	∞	∞	∞	∞	
ORF59	∞	2	3	1	3	3	2	∞	4	3	2	∞	■	4	3	2	2	1	4	4	4	2	1	2	3	4	2	4	2	2	2	3	2	3	3	2	1	2	1	1	5	2	2	2	3	2	2	2	3	2	3	3	2	2	2	5	3	5	2	
ORF8	∞	∞	∞	∞	∞	∞	2	∞	4	5	4	∞	4	■	4	6	4	2	4	1	4	5	5	2	2	3	2	2	3	4	4	5	2	4	5	6	3	3	4	3	7	4	3	2	5	3	5	3	2	1	3	3	2	2	3	2	2	2	5	
ORF50	3	∞	2	4	4	4	2	2	2	4	1	∞	3	4	■	3	3	2	2	2	4	1	2	3	2	2	2	3	3	2	2	2	1	2	2	3	2	2	2	2	4	2	2	1	4	2	3	3	2	2	2	2	2	3	3	3	2	3	3	
ORF9	∞	∞	∞	∞	∞	∞	∞	∞	∞	∞	2	∞	2	6	3	■	4	2	5	2	6	2	1	2	3	4	2	3	2	2	2	3	2	3	3	2	1	1	1	3	7	2	1	2	5	2	2	2	3	3	3	3	1	2	2	3	3	3	2	
ORF6	∞	2	3	1	3	3	2	∞	4	3	2	∞	2	4	3	4	■	1	4	4	4	3	3	2	3	4	3	4	2	3	2	3	2	4	3	4	3	3	3	3	5	3	4	2	1	3	4	2	3	2	3	3	2	2	2	5	3	5	4	
ORF52	2	3	2	2	2	2	1	∞	2	2	1	∞	1	2	2	2	1	■	2	2	3	3	2	1	2	2	2	3	1	2	3	3	1	2	4	3	2	3	2	2	4	2	2	1	2	2	3	1	2	1	2	2	1	1	1	3	2	3	3	
ORFK10.5	∞	∞	3	3	3	3	2	2	2	1	4	∞	4	4	2	5	4	2	■	2	4	1	2	3	2	3	3	3	2	3	2	2	1	2	2	3	2	2	2	2	3	2	3	2	4	2	3	3	3	3	2	3	2	3	3	3	2	3	3	
ORF64	2	∞	∞	∞	∞	∞	2	∞	2	5	4	∞	4	1	2	2	4	2	2	■	2	2	3	1	1	2	1	1	3	4	3	3	1	3	3	4	2	2	2	2	5	3	2	2	4	2	3	3	1	1	3	3	1	1	3	1	1	1	3	
ORF65	2	∞	∞	∞	∞	∞	2	∞	4	5	4	∞	4	4	4	6	4	3	4	2	■	4	5	3	2	3	1	1	4	5	4	4	3	4	5	5	2	2	3	4	7	4	2	2	5	2	4	3	3	3	3	3	3	3	4	3	3	3	4	
ORF29b	2	2	3	2	3	4	3	1	1	2	2	∞	2	5	1	2	3	3	1	2	4	■	1	2	3	2	2	3	2	2	1	1	2	1	1	2	1	1	1	1	3	1	2	2	4	1	2	2	3	3	2	2	2	2	2	3	1	3	2	
ORF68	3	3	2	2	2	2	3	2	2	2	1	∞	1	5	2	1	3	2	2	3	5	1	■	3	4	3	3	4	1	2	2	2	3	2	2	1	2	2	1	2	4	2	2	3	4	2	2	3	4	3	3	3	2	3	2	4	2	4	2	
ORF69	1	4	3	3	3	3	2	∞	3	3	2	∞	2	2	3	2	2	1	3	1	3	2	3	■	2	3	2	2	2	2	2	3	2	3	3	2	1	3	2	1	5	3	3	2	3	2	3	2	2	2	3	3	2	2	2	2	1	2	3	
ORF21	2	3	4	2	2	4	1	2	2	4	3	∞	3	2	2	3	3	2	2	1	2	3	4	2	■	1	1	1	3	4	3	4	1	2	4	4	2	2	3	3	4	4	2	1	4	2	3	3	2	2	2	2	2	2	3	2	2	2	4	
ORF62	3	4	5	3	3	5	2	1	3	3	4	∞	4	3	2	4	4	2	3	2	3	2	3	3	1	■	2	2	3	3	3	3	2	2	3	4	3	3	3	3	3	3	2	1	4	2	3	3	2	2	2	2	3	3	3	3	3	3	4	
ORF63	1	3	4	2	2	4	1	3	3	4	2	∞	2	2	2	2	3	2	3	1	1	2	3	2	1	2	■	2	2	3	2	2	2	2	3	2	1	1	2	3	5	3	1	1	4	1	3	2	2	2	2	2	2	2	3	2	2	2	3	
ORF25	3	4	5	3	3	5	2	3	3	5	4	∞	4	2	3	3	4	3	3	1	1	3	4	2	1	2	2	■	4	4	4	4	2	3	4	4	3	3	3	3	5	4	3	2	5	3	4	4	2	2	3	3	2	2	4	2	2	2	4	
ORF60	2	2	1	1	1	1	2	3	3	1	2	∞	2	3	3	2	2	1	2	3	4	2	1	2	3	3	2	4	■	1	2	2	2	3	3	2	1	2	1	1	3	1	2	2	3	1	2	2	3	2	2	3	2	2	2	4	3	4	2	
ORF61	3	3	2	2	2	2	3	2	4	2	1	∞	2	4	2	2	3	2	3	4	5	2	2	2	4	3	3	4	1	■	2	3	3	3	3	2	2	2	1	1	2	2	2	2	4	2	2	2	3	3	1	3	2	3	2	4	3	4	2	
ORF28	2	2	3	1	3	3	2	2	2	3	2	∞	2	4	2	2	2	3	2	3	4	1	2	2	3	3	2	4	2	2	■	1	2	2	2	2	1	1	1	1	4	2	2	2	3	1	2	2	3	3	3	3	2	2	2	4	2	4	2	
ORF30	2	3	4	2	4	4	3	2	2	3	2	∞	3	5	2	3	3	3	2	3	4	1	2	3	4	3	2	4	2	3	1	■	3	2	2	1	2	2	2	2	4	2	3	2	4	1	3	3	3	3	3	3	3	3	3	4	2	4	3	
ORF75	3	3	3	2	2	3	1	3	1	2	2	∞	2	2	1	2	2	1	1	1	3	2	3	2	1	2	2	2	2	3	2	3	■	2	3	2	1	3	2	3	4	3	2	1	3	2	3	2	2	2	2	2	1	2	2	2	2	2	3	
ORF72	3	3	2	3	4	4	2	2	2	3	3	∞	3	4	2	3	4	2	2	3	4	1	2	3	2	2	2	3	3	3	2	2	2	■	2	3	2	2	2	2	4	2	2	1	4	2	1	3	2	2	2	2	3	3	3	4	2	4	3	
ORF74	3	1	4	2	2	4	3	2	2	3	3	2	3	5	2	3	3	4	2	3	5	1	2	3	4	3	3	4	3	3	2	2	3	2	■	3	2	2	2	2	4	2	3	2	4	2	3	3	3	3	3	1	3	3	3	4	2	4	3	
ORF31	3	4	3	3	3	3	4	3	3	3	2	∞	2	6	3	2	4	3	3	4	5	2	1	2	4	4	2	4	2	2	2	1	2	3	3	■	1	1	1	1	4	2	2	3	5	2	2	2	4	4	3	4	2	2	2	4	3	4	2	
ORF67.5	2	3	2	2	2	2	2	2	2	2	2	∞	1	3	2	1	3	2	2	2	2	1	2	1	2	3	1	3	1	2	1	2	1	2	2	1	■	2	1	2	4	2	2	2	4	1	2	1	3	3	3	3	2	1	2	3	2	3	2	
ORF41	2	3	4	2	3	4	2	2	2	3	3	∞	2	3	2	1	3	3	2	2	2	1	2	3	2	3	1	3	2	2	1	2	3	2	2	1	2	■	1	2	4	2	2	2	4	2	2	3	3	3	3	3	2	3	2	3	2	3	2	
ORFK10	3	3	2	2	2	2	3	2	2	2	2	∞	1	4	2	1	3	2	2	2	3	1	1	2	3	3	2	3	1	1	1	2	2	2	2	1	1	1	■	2	3	1	1	2	4	2	1	2	3	3	2	3	1	2	1	3	2	3	1	
ORFK11	2	3	2	2	2	2	3	2	2	2	2	∞	1	3	2	3	3	2	2	2	4	1	2	1	3	3	3	3	1	1	1	2	3	2	2	1	2	2	2	■	3	2	3	3	4	2	3	1	3	3	2	3	3	3	3	3	2	3	3	
ORF48	∞	∞	∞	∞	∞	∞	∞	2	4	2	5	∞	5	7	4	7	5	4	3	5	7	3	4	5	4	3	5	5	3	2	4	4	4	4	4	4	4	4	3	3	■	4	4	2	6	3	4	4	3	3	1	3	4	5	4	6	4	6	4	
ORFK12	3	3	2	2	2	2	3	2	2	2	3	∞	2	4	2	2	3	2	2	3	4	1	2	3	4	3	3	4	1	2	2	2	3	2	2	2	2	2	1	2	4	■	2	3	4	2	2	3	4	3	3	3	2	3	2	4	2	4	2	
ORF47	2	4	3	3	3	3	2	3	3	3	3	∞	2	3	2	1	4	2	3	2	2	2	2	3	2	2	1	3	2	2	2	3	2	2	3	2	2	2	1	3	4	2	■	1	4	2	2	3	2	2	2	2	2	3	2	3	3	3	2	
ORF45	2	3	3	2	2	3	1	2	2	2	2	2	2	2	1	2	2	1	2	2	2	2	3	2	1	1	1	2	2	2	2	2	1	1	2	3	2	2	2	3	2	3	1	■	3	1	2	2	1	1	1	1	2	2	2	3	3	3	3	
ORFK15	∞	3	4	2	4	4	3	∞	5	4	3	∞	3	5	4	5	1	2	4	4	5	4	4	3	4	4	4	5	3	4	3	4	3	4	4	5	4	4	4	4	6	4	4	3	■	4	5	3	4	3	4	4	3	3	3	5	4	5	5	
ORF23	1	3	2	2	2	2	2	2	2	2	1	3	2	3	2	2	3	2	2	2	2	1	2	2	2	2	1	3	1	2	1	1	2	2	2	2	1	2	2	2	3	2	2	1	4	■	3	2	2	2	2	2	3	2	3	3	2	3	3	
ORF37	4	4	1	3	3	3	3	3	3	3	2	∞	2	5	3	2	4	3	3	3	4	2	2	3	3	3	3	4	2	2	2	3	3	1	3	2	2	2	1	3	4	2	2	2	5	3	■	3	3	3	3	3	2	3	2	4	3	4	2	
ORF34	3	2	3	1	3	3	2	3	3	3	2	∞	2	3	3	2	2	1	3	3	3	2	3	2	3	3	2	4	2	2	2	3	2	3	3	2	1	3	2	1	4	3	3	2	3	2	3	■	3	2	3	3	2	2	2	4	3	4	3	
ORF11	3	3	4	2	2	4	1	3	3	3	3	3	3	2	2	3	3	2	3	1	3	3	4	2	2	2	2	2	3	3	3	3	2	2	3	4	3	3	3	3	3	4	2	1	4	2	3	3	■	2	2	2	2	2	3	2	2	2	4	
ORF33	3	3	3	2	2	3	1	3	3	3	2	3	2	1	2	3	2	1	3	1	3	3	3	2	2	2	2	2	2	3	3	3	2	2	3	4	3	3	3	3	3	3	2	1	3	2	3	2	2	■	2	2	2	2	2	2	2	2	4	
ORF36	3	4	3	3	3	3	2	1	3	1	2	3	3	3	2	3	3	2	2	3	3	2	3	3	2	2	2	3	2	1	3	3	2	2	3	3	3	3	2	2	1	3	2	1	4	2	3	3	2	2	■	2	3	3	3	4	3	4	3	
ORF27	3	2	4	3	3	4	2	3	3	3	3	1	3	3	2	3	3	2	3	3	3	2	3	3	2	2	2	3	3	3	3	3	2	2	1	4	3	3	3	3	3	3	2	1	4	2	3	3	2	2	2	■	3	3	3	4	3	4	4	
ORF39	3	4	3	3	3	3	2	3	2	3	2	∞	2	2	2	1	2	1	2	1	3	2	2	2	2	3	2	2	2	2	2	3	1	3	3	2	2	2	1	3	4	2	2	2	3	3	2	2	2	2	3	3	■	2	2	2	2	2	2	
ORF26	3	4	3	3	3	3	2	3	3	3	2	∞	2	2	3	2	2	1	3	1	3	2	3	2	2	3	2	2	2	3	2	3	2	3	3	2	1	3	2	3	5	3	3	2	3	2	3	2	2	2	3	3	2	■	2	2	2	2	3	
ORF49	3	4	3	3	3	3	2	3	3	3	2	∞	2	3	3	2	2	1	3	3	4	2	2	2	3	3	3	4	2	2	2	3	2	3	3	2	2	2	1	3	4	2	2	2	3	3	2	2	3	2	3	3	2	2	■	4	3	4	2	
ORF17	3	∞	∞	∞	∞	∞	3	∞	3	6	5	∞	5	2	3	3	5	3	3	1	3	3	4	2	2	3	2	2	4	4	4	4	2	4	4	4	3	3	3	3	6	4	3	3	5	3	4	4	2	2	4	4	2	2	4	■	2	2	4	
ORF19	2	3	4	3	4	4	3	2	2	3	3	∞	3	2	2	3	3	2	2	1	3	1	2	1	2	3	2	2	3	3	2	2	2	2	2	3	2	2	2	2	4	2	3	3	4	2	3	3	2	2	3	3	2	2	3	2	■	2	3	
ORF22	3	∞	∞	∞	∞	∞	3	∞	3	6	5	∞	5	2	3	3	5	3	3	1	3	3	4	2	2	3	2	2	4	4	4	4	2	4	4	4	3	3	3	3	6	4	3	3	5	3	4	4	2	2	4	4	2	2	4	2	2	■	4	
ORF2	4	4	3	3	3	3	4	3	3	3	3	∞	2	5	3	2	4	3	3	3	4	2	2	3	4	4	3	4	2	2	2	3	3	3	3	2	2	2	1	3	4	2	2	3	5	3	2	3	4	4	3	4	2	3	2	4	3	4	■	
Node with best closeness of centrality: kshv_ORF45
